1994
1972
1974
1994
1966
1957
1993
2008
2003
1975
1980
1999
1954
2010
2001
1990
2012
2002
1942
1999
1968
1954
1981
1991
2002
1995
1994
1995
1960
1946
1994
1950
1964
1979
1998
2012
1959
1991
1941
1998
1979
1931
1999
2001
2010
1976
1980
1931
1958
1957
2002
1936
2006
2001
1944
2008
2006
1986
1971
1997
1985
1962
1962
1981
2000
1992
2004
2011
2006
1999
1988
1940
1974
1948
2000
1997
1984
1950
1975
1987
2011
1952
1948
1959
1984
1950
1927
1980
1993
1968
1983
1957
1960
1992
2006
1997
1973
2004
1994
2007
